1000,
1001,
1002,
1003,
1004,
1005,
1006,
1007,
1008,
1009,
100, 
1011,
1012,
1013,
1015,
1019,
1021,
1022,
1024,
1025,
1026,
1027,
102,
1035,
1035,
1036,
1037,
1039,
103,
1043,
1044,
1045,
1046,
1047,
1048,
1048,
1049,
104,
1054,
1055,
1057,
105,
1065,
1067,
1069,
1071,
1072,
1073,
1074,
1075,
1076,
1076,
1078,
1079,
1082,
1083,
1084,
1085,
1086,
1087,
1088,
1089,
1090,
1091,
1092,
1093,
1095,
1096,
1097,
1098,
1099,
109,
10,
1100,
1106,
1108,
1110,
1112,
1116,
1117,
1123,
1124,
1125,
1132,
1133,
1134,
1135,
1136,
1137,
1139,
113,
1140,
1141,
1142,
1143,
1145,
1146,
1147,
1148,
114,
1150,
1151,
1152,
1153,
1154,
1155,
1156,
115,
1165,
1174,
1182,
1183,
1184,
1185,
1186,
1189,
1190,
1191,
1192,
1193,
1195,
1196,
1197,
1198,
1199,
119,
11,
1200,
1201,
1202,
1203,
1205,
1206,
1208,
1209,
120,
1221,
122,
1231,
1232,
1233,
1234,
1237,
1239,
123,
1243,
1244,
1245,
1246,
1247,
1251,
1257,
1258,
1265,
1268,
126,
1270,
1271,
1272,
1273,
1277,
127,
1281,
1285,
1286,
1287,
1288,
1289,
128,
1290,
1291,
1293,
1296,
1297,
129,
1300,
1304,
130,
1312,
1313,
1314,
1315,
1316,
1318,
1319,
1321,
1324,
1325,
1326,
1327,
1328,
1329,
132,
1330,
1332,
1336,
1339,
133,
1340,
1341,
1342,
1343,
1346,
1347,
134,
1364,
1365,
1366,
1368,
1369,
1371,
1373,
1374,
1375,
1376,
1379,
1380,
1383,
1384,
1385,
1386,
1387,
1388,
1389,
138,
1390,
1398,
1399,
139,
1400,
1402,
1407,
140,
1429,
1430,
1432,
1433,
1434,
143,
1454,
1455,
1462,
1463,
1464,
1465,
1466,
1467,
1471,
1482,
1483,
1486,
1489,
148,
1492,
1494,
1495,
1497,
1499,
14,
1503,
1505,
1508,
150,
1510,
1516,
1517,
1518,
151,
1521,
1522,
1523,
152,
1534,
1536,
1538,
1553,
1554,
1556,
15,
1662,
1760,
1761,
1762,
1766,
1773,
1774,
1775,
1776,
1777,
1778,
1779,
1782,
1809,
1816,
1817,
1818,
1824,
1825,
1836,
1837,
1838,
1839,
1840,
1844,
1900,
1904,
1910,
1912,
1913,
1914,
1945,
1948,
1952,
1963,
1965,
2000,
2001,
2003,
2004,
2006,
200,
2013,
2015,
2016,
2017,
2018,
2019,
2020,
2021,
2022,
2024,
2025,
2026,
2028,
202,
2030,
2032,
2036,
2037,
2038,
2039,
203,
2040,
2041,
2043,
2044,
2047,
2048,
2049,
205,
2060,
2061,
2064,
2067,
2069,
2070,
2071,
2074,
2075,
2076,
2077,
2081,
2082,
2083,
2085,
2087,
2089,
208,
2090,
2091,
2096,
2097,
2098,
209,
2103,
2106,
2108,
2109,
210,
2111,
2113,
2114,
2115,
2118,
2125,
2126,
2127,
2128,
2133,
2137,
2138,
2139,
2141,
2143,
2150,
2153,
2155,
2157,
215,
2164,
2165,
2169,
2174,
2176,
2177,
2179,
2180,
2181,
2183,
2184,
2185,
2186,
2188,
2189,
218,
2190,
2191,
2193,
2196,
219,
21,
2200,
2206,
2208,
2209,
220,
2210,
2211,
2218,
2219,
222,
2,