1008,
1010,
1014,
1019,
1023,
1024,
1028,
1030,
1036,
103, 
1047,
1054,
1056,
1058,
1060,
1063,
1064,
1066,
106,
1077,
1081,
1084,
1085,
1092,
1101,
1104,
1107,
110,
1110,
1112,
1114,
1127,
1130,
1138,
1147,
1148,
1153,
1155,
1164,
116,
1186,
1187,
1188,
1194,
1204,
1207,
1225,
1235,
1242,
1248,
1249,
124,
1252,
1254,
1267,
1274,
1275,
1278,
1280,
1292,
1294,
1298,
1309,
1317,
1322,
1331,
1335,
1348,
1349,
1355,
1357,
1359,
135,
1360,
1362,
1372,
1377,
137,
1391,
1425,
1426,
1428,
1428,
1431,
1431,
1432,
1436,
1438,
1447,
1448,
144,
1450,
1451,
1453,
1459,
145,
1460,
1468,
146,
1475,
1476,
1479,
1488,
1496,
149,
1507,
1509,
1511,
1512,
1520,
1524,
1532,
1537,
1544,
1547,
1550,
1555,
1567,
1586,
1594,
1605,
1611,
1614,
1615,
1617,
1619,
1648,
1652,
1656,
166,
1674,
1682,
1689,
1691,
1694,
169,
1710,
1723,
1742,
1749,
1753,
1755,
1756,
1763,
1764,
1771,
1780,
178,
1793,
1795,
17,
1810,
1811,
181,
1821,
1822,
1826,
1827,
1834,
1841,
1842,
1845,
1847,
1848,
1850,
1853,
1857,
1865,
1866,
1867,
186,
1899,
1905,
1915,
1918,
1919,
1922,
1923,
1936,
1938,
1942,
1955,
195,
196,
1971,
1980,
1986,
1988,
1989,
1997,
1,
2002,
2007,
2008,
201,
2023,
2029,
2042,
204,
2054,
2063,
2066,
2072,
2073,
2079,
2088,
2099,
2104,
2105,
2110,
2112,
2116,
2119,
2120,
2123,
2124,
2129,
2130,
2131,
2132,
2134,
2135,
213,
2147,
2158,
2167,
2170,
2173,
2187,
2192,
2202,
2205,
2212,
221,
2220,
2221,
2222,
2223,
2227,
2228,